Par défaut : haut de gauche à droite puis bas de gauche à droite
piste 05 (EN cycle LTO):
139.78066, 35.50289
139.80383, 35.52428
139.82198, 35.54049
139.82050, 35.54157
139.80679, 35.53006
139.80132, 35.53793
139.80004, 35.53732
139.80556, 35.52920
139.80143, 35.52579
139.84302, 35.55940
 
Piste 34R :
139.81992, 35.51907
139.80307, 35.54261
139.80081, 35.54595 (touchdown zone)
139.78678, 35.56565
139.78478, 35.56486
139.78748, 35.56114
139.78984, 35.55760
139.79183, 35.55498
139.79432, 35.55159
139.79709, 35.54730
139.80129, 35.54166
139.80308, 35.53897
139.77512, 35.58139

Parking :
Centres :
139.78913, 35.55393
139.79029, 35.55205
139.79165, 35.55012

place de haut vers bas :
139.78942, 35.55493
139.78883, 35.55461
139.78786, 35.55411
139.78836, 35.55320
139.78882, 35.55270
139.78921, 35.55218
139.78959, 35.55162
139.78997, 35.55109
139.79041, 35.55051
139.79079, 35.54998
139.79149, 35.54928
139.79224, 35.54939
139.79247, 35.54974
139.79304, 35.54988




